Epoch,Discriminator loss,Discriminator loss (Real),Discriminator loss (Fake),Generator loss,Accuracy real,Accuracy fake
1,0.31023993459530175,0.004374431911855936,0.6161054372787476,0.8052109479904175,1.0,1.0
2,1.3671296836540139,3.188921904317965e-10,2.7342593669891357,0.27600231766700745,0.3932584226131439,0.0
3,0.42379522509872913,0.03370273485779762,0.8138877153396606,1.7367392778396606,1.0,1.0
4,0.42349815368652344,0.36831629276275635,0.4786800146102905,3.4561550617218018,1.0,1.0
5,0.22990424931049347,0.25246673822402954,0.2073417603969574,2.5017330646514893,1.0,1.0
6,0.1866864711046219,0.16278080642223358,0.2105921357870102,3.4242076873779297,1.0,1.0
7,0.229464590549469,0.2482103556394577,0.21071882545948029,2.686790704727173,1.0,1.0
8,0.2770046889781952,0.2900790870189667,0.2639302909374237,2.450610399246216,1.0,1.0
9,0.27944962680339813,0.29521146416664124,0.26368778944015503,2.6077427864074707,1.0,1.0
10,0.3312724679708481,0.34750521183013916,0.315039724111557,2.3378353118896484,1.0,1.0
11,0.3715917468070984,0.3923138678073883,0.35086962580680847,2.1342461109161377,1.0,0.9986666440963745
12,0.3773747831583023,0.3798277676105499,0.3749217987060547,2.132232189178467,1.0,0.9853333234786987
13,0.4332764148712158,0.44846776127815247,0.4180850684642792,2.032327890396118,1.0,0.9953333139419556
14,0.4279683381319046,0.4363352656364441,0.4196014106273651,2.010174036026001,1.0,0.9940000176429749
15,0.37055909633636475,0.37389880418777466,0.36721938848495483,2.014591932296753,1.0,0.9853333234786987
16,0.4067995250225067,0.40729179978370667,0.40630725026130676,1.9832804203033447,1.0,0.9926666617393494
17,0.4025407135486603,0.4194846749305725,0.38559675216674805,2.049800157546997,0.9943820238113403,0.9926666617393494
18,0.3532857447862625,0.34966540336608887,0.35690608620643616,2.1803832054138184,0.9943820238113403,0.9986666440963745
19,0.2972446382045746,0.30048123002052307,0.2940080463886261,2.3477745056152344,0.9606741666793823,1.0
20,0.410111740231514,0.39527541399002075,0.4249480664730072,2.2338473796844482,0.8764045238494873,0.9919999837875366
21,0.33645302057266235,0.3384396433830261,0.3344663977622986,2.2162845134735107,0.9943820238113403,0.9926666617393494
22,0.4698887765407562,0.45810824632644653,0.4816693067550659,2.101985454559326,0.8483145833015442,0.9826666712760925
23,0.43296726047992706,0.43231213092803955,0.4336223900318146,2.0485565662384033,0.9044944047927856,0.9753333330154419
24,0.42494048178195953,0.40416765213012695,0.4457133114337921,2.0419490337371826,0.7977527976036072,0.9866666793823242
25,0.41037020087242126,0.4105214774608612,0.4102189242839813,2.1084086894989014,0.882022500038147,0.9959999918937683
26,0.4125848114490509,0.3996533155441284,0.4255163073539734,2.008685827255249,0.8202247023582458,0.9973333477973938
27,0.4449376314878464,0.44651272892951965,0.4433625340461731,1.9051594734191895,0.8707864880561829,0.9906666874885559
28,0.3821180909872055,0.3915409445762634,0.3726952373981476,2.0306320190429688,0.8370786309242249,0.9980000257492065
29,0.439192458987236,0.4343271255493164,0.44405779242515564,1.9255495071411133,0.7752808928489685,0.9926666617393494
30,0.3725516200065613,0.3749483823776245,0.37015485763549805,2.0804030895233154,0.7752808928489685,0.9973333477973938
31,0.3888242095708847,0.3919481337070465,0.3857002854347229,2.1501681804656982,0.7640449404716492,0.9959999918937683
32,0.426385760307312,0.43993261456489563,0.4128389060497284,2.111636161804199,0.6853932738304138,0.996666669845581
33,0.4053052067756653,0.4051094353199005,0.40550097823143005,2.057356834411621,0.6741573214530945,0.9973333477973938
34,0.4012264907360077,0.3951258659362793,0.4073271155357361,2.065174102783203,0.5898876190185547,0.9986666440963745
35,0.40990597009658813,0.42089325189590454,0.39891868829727173,2.196331024169922,0.7584269642829895,0.996666669845581
36,0.3731335252523422,0.38174715638160706,0.3645198941230774,2.192173957824707,0.6910112500190735,0.9986666440963745
37,0.366570383310318,0.36351698637008667,0.3696237802505493,2.2113852500915527,0.7022472023963928,0.9986666440963745
38,0.35989123582839966,0.35584405064582825,0.36393842101097107,2.240609884262085,0.7415730357170105,0.9986666440963745
39,0.31834208965301514,0.31614989042282104,0.32053428888320923,2.266054153442383,0.6348314881324768,0.9973333477973938
40,0.3335559666156769,0.34336134791374207,0.3237505853176117,2.2983195781707764,0.6404494643211365,0.9980000257492065
41,0.296656996011734,0.26903003454208374,0.3242839574813843,2.472658157348633,0.5786516666412354,0.9993333220481873
42,0.32472096383571625,0.3359619081020355,0.313480019569397,2.431002378463745,0.5393258333206177,0.9973333477973938
43,0.29455265402793884,0.30080628395080566,0.288299024105072,2.5553791522979736,0.42134830355644226,0.9986666440963745
44,0.31938087940216064,0.32708486914634705,0.31167688965797424,2.475224018096924,0.35393258929252625,0.9986666440963745
45,0.28637953102588654,0.293933629989624,0.27882543206214905,2.5810062885284424,0.37078651785850525,0.9993333220481873
46,0.26283417642116547,0.27550098299980164,0.2501673698425293,2.6552059650421143,0.40449437499046326,0.996666669845581
47,0.2731388360261917,0.26392626762390137,0.28235140442848206,2.725214719772339,0.25280898809432983,0.9993333220481873
48,0.28443290293216705,0.2769617736339569,0.2919040322303772,2.8195595741271973,0.30337077379226685,1.0
49,0.22961944341659546,0.23543906211853027,0.22379982471466064,2.844520092010498,0.24719101190567017,1.0
50,0.24344486743211746,0.27296924591064453,0.2139204889535904,2.8520498275756836,0.2808988690376282,1.0
51,0.21583158522844315,0.24991577863693237,0.18174739181995392,2.889634370803833,0.26966291666030884,0.9986666440963745
52,0.23948469012975693,0.22925116121768951,0.24971821904182434,2.90169358253479,0.2752808928489685,0.9973333477973938
53,0.2236664593219757,0.2417527139186859,0.2055802047252655,3.0770530700683594,0.24719101190567017,0.9980000257492065
54,0.2163013592362404,0.23122884333133698,0.2013738751411438,2.9807229042053223,0.1910112351179123,0.9973333477973938
55,0.28518666326999664,0.29334068298339844,0.27703264355659485,2.818913698196411,0.2078651636838913,0.9906666874885559
56,0.22034095972776413,0.2119472175836563,0.22873470187187195,3.0962953567504883,0.26966291666030884,0.9993333220481873
57,0.23239143192768097,0.22128677368164062,0.2434960901737213,3.095644474029541,0.3314606845378876,0.9926666617393494
58,0.256557822227478,0.26741155982017517,0.24570408463478088,2.9485061168670654,0.26404494047164917,0.996666669845581
59,0.1781991943717003,0.17504680156707764,0.18135158717632294,3.394925355911255,0.3764044940471649,0.9953333139419556
60,0.22245362401008606,0.2421145886182785,0.20279265940189362,3.2538132667541504,0.48876404762268066,0.9986666440963745
61,0.2649351507425308,0.2653987407684326,0.26447156071662903,3.414217472076416,0.5955055952072144,0.9980000257492065
62,0.21777471154928207,0.22210019826889038,0.21344922482967377,3.4937593936920166,0.5224719047546387,0.9986666440963745
63,0.19638828188180923,0.20614023506641388,0.1866363286972046,3.5026955604553223,0.5224719047546387,0.9986666440963745
64,0.18305975943803787,0.17711122334003448,0.18900829553604126,3.7749688625335693,0.483146071434021,1.0
65,0.18483373522758484,0.18491171300411224,0.18475575745105743,3.5233376026153564,0.5112359523773193,0.9986666440963745
66,0.2094777524471283,0.20390883088111877,0.21504667401313782,3.6480658054351807,0.5449438095092773,0.9980000257492065
67,0.15729541331529617,0.15550357103347778,0.15908725559711456,3.7859652042388916,0.533707857131958,0.9993333220481873
68,0.15830110758543015,0.1607021689414978,0.1559000462293625,3.7764010429382324,0.6123595237731934,0.996666669845581
69,0.16482453048229218,0.1856810599565506,0.14396800100803375,3.863454818725586,0.5730336904525757,0.9993333220481873
70,0.13795368745923042,0.1601087599992752,0.11579861491918564,3.5947346687316895,0.48876404762268066,0.9980000257492065
71,0.1800386905670166,0.18297776579856873,0.17709961533546448,3.6676533222198486,0.466292142868042,0.9993333220481873
72,0.16234157234430313,0.1758626401424408,0.14882050454616547,3.9445860385894775,0.47191011905670166,0.996666669845581
73,0.11408225819468498,0.11213749647140503,0.11602701991796494,4.124693393707275,0.4438202381134033,1.0
74,0.13370821624994278,0.13856680691242218,0.12884962558746338,4.148409366607666,0.466292142868042,0.9993333220481873
75,0.24140124768018723,0.23716402053833008,0.24563847482204437,4.052706241607666,0.48876404762268066,0.9986666440963745
76,0.16354022920131683,0.1682567298412323,0.15882372856140137,4.213693618774414,0.4438202381134033,1.0
77,0.12867647036910057,0.13547761738300323,0.1218753233551979,4.004022598266602,0.533707857131958,1.0
78,0.16174835711717606,0.17211733758449554,0.15137937664985657,4.075913906097412,0.5,1.0
79,0.1505599096417427,0.16060256958007812,0.1405172497034073,3.728644609451294,0.5730336904525757,0.9993333220481873
80,0.20479238778352737,0.22723551094532013,0.18234926462173462,4.580334186553955,0.6123595237731934,1.0
81,0.20056263357400894,0.19341203570365906,0.20771323144435883,4.034933567047119,0.567415714263916,1.0
82,0.17616566270589828,0.1493956595659256,0.20293566584587097,4.193892002105713,0.6404494643211365,0.9986666440963745
83,0.17294681817293167,0.17462748289108276,0.17126615345478058,4.0369462966918945,0.6573033928871155,0.9993333220481873
84,0.10905773192644119,0.12170837819576263,0.09640708565711975,4.264283657073975,0.8033707737922668,0.9993333220481873
85,0.2605249881744385,0.2727081775665283,0.24834179878234863,5.314679145812988,0.7752808928489685,1.0
86,0.08869250118732452,0.0964542105793953,0.08093079179525375,4.8063883781433105,0.8258426785469055,1.0
87,0.12531690672039986,0.13038477301597595,0.12024904042482376,4.00397253036499,0.8202247023582458,1.0
88,0.15299048274755478,0.1575741022825241,0.14840686321258545,5.202085971832275,0.9213483333587646,1.0
89,0.09068139642477036,0.0906841829419136,0.0906786099076271,4.722175121307373,0.898876428604126,0.9973333477973938
90,0.13024836778640747,0.13074742257595062,0.12974931299686432,4.338999271392822,0.8764045238494873,0.9993333220481873
91,0.12326334789395332,0.12650935351848602,0.12001734226942062,4.729632377624512,0.9269663095474243,1.0
92,0.12210066244006157,0.10573986917734146,0.13846145570278168,5.125723361968994,0.9719101190567017,1.0
93,0.1256597563624382,0.1288239061832428,0.1224956065416336,4.657202243804932,0.9269663095474243,1.0
94,0.1142825111746788,0.10924427211284637,0.11932075023651123,4.7301483154296875,0.949438214302063,0.9993333220481873
95,0.12357126548886299,0.14604230225086212,0.10110022872686386,5.183990001678467,0.966292142868042,0.9986666440963745
96,0.6197384148836136,0.7834587693214417,0.4560180604457855,5.844437599182129,0.983146071434021,0.9919999837875366
97,0.08997399359941483,0.09767308086156845,0.0822749063372612,4.788158416748047,0.932584285736084,1.0
98,0.11505208536982536,0.11904207617044449,0.11106209456920624,4.60296630859375,0.9719101190567017,1.0
99,0.1097286194562912,0.12207018584012985,0.09738705307245255,4.423089027404785,0.966292142868042,0.9993333220481873
100,0.5313678532838821,0.43153759837150574,0.6311981081962585,6.742392539978027,0.9606741666793823,0.9953333139419556
101,0.08572248741984367,0.09070662409067154,0.08073835074901581,5.615185737609863,0.9550561904907227,1.0
102,0.06695744767785072,0.06856756657361984,0.0653473287820816,5.01438570022583,0.9775280952453613,0.9986666440963745
103,0.07515934109687805,0.08222432434558868,0.06809435784816742,5.738776683807373,0.9887640476226807,1.0
104,0.053432803601026535,0.05771137773990631,0.04915422946214676,5.532933712005615,0.949438214302063,0.9993333220481873
105,0.08414636179804802,0.08903970569372177,0.07925301790237427,5.442662715911865,0.966292142868042,1.0
106,0.08763979747891426,0.08857107907533646,0.08670851588249207,5.302016258239746,0.9943820238113403,0.9993333220481873
107,0.18274781107902527,0.14800986647605896,0.21748575568199158,4.553642272949219,0.9269663095474243,0.9973333477973938
108,0.1087152399122715,0.09789900481700897,0.11953147500753403,4.611632823944092,0.966292142868042,0.9973333477973938
109,0.06672025099396706,0.0639471784234047,0.06949332356452942,5.226032733917236,0.983146071434021,1.0
110,0.09161841124296188,0.09853678196668625,0.08470004051923752,5.590468883514404,0.9550561904907227,1.0
111,0.09596113115549088,0.08480528742074966,0.10711697489023209,4.896321773529053,0.9719101190567017,0.9973333477973938
112,0.04887494817376137,0.048402197659015656,0.04934769868850708,5.69818115234375,0.9775280952453613,1.0
113,0.1045803651213646,0.13438157737255096,0.07477915287017822,5.284151554107666,0.983146071434021,0.9986666440963745
114,0.07703951373696327,0.07657609134912491,0.07750293612480164,6.503054141998291,0.9606741666793823,1.0
115,0.031227372586727142,0.02710220217704773,0.035352542996406555,6.364311218261719,0.9606741666793823,1.0
116,0.13760844245553017,0.15709665417671204,0.1181202307343483,5.907764434814453,0.9269663095474243,0.9986666440963745
117,0.24050375819206238,0.16165730357170105,0.3193502128124237,5.060734272003174,0.9269663095474243,0.9886666536331177
118,0.11702599748969078,0.09645918756723404,0.13759280741214752,5.127939224243164,0.8595505356788635,1.0
119,0.07130018807947636,0.062135111540555954,0.08046526461839676,5.164174556732178,0.9382022619247437,0.9973333477973938
120,0.052294597029685974,0.05901318043470383,0.04557601362466812,5.74842643737793,0.966292142868042,1.0
121,0.07364129275083542,0.076101154088974,0.07118143141269684,6.09672212600708,0.966292142868042,0.9993333220481873
122,0.08803866431117058,0.07964270561933517,0.09643462300300598,6.062689304351807,0.9382022619247437,1.0
123,0.08357467874884605,0.0929984524846077,0.07415090501308441,5.879522800445557,0.8651685118675232,1.0
124,0.08511444181203842,0.0897461399435997,0.08048274368047714,5.615569114685059,0.9101123809814453,1.0
125,0.06656613945960999,0.06909891963005066,0.06403335928916931,7.061470031738281,0.9044944047927856,0.9993333220481873
126,0.07534443587064743,0.07198008894920349,0.07870878279209137,6.027976989746094,0.9213483333587646,1.0
127,0.06918727606534958,0.08651933819055557,0.051855213940143585,5.4385294914245605,0.9269663095474243,0.9973333477973938
128,0.04470992088317871,0.049967166036367416,0.039452675729990005,6.42114782333374,0.915730357170105,1.0
129,0.08235671743750572,0.08049706369638443,0.08421637117862701,7.5875773429870605,0.915730357170105,1.0
130,0.25132642686367035,0.2804041802883148,0.22224867343902588,4.337639808654785,0.8595505356788635,0.9959999918937683
131,0.035825517028570175,0.03644990175962448,0.03520113229751587,5.695333957672119,0.8033707737922668,1.0
132,0.05107520706951618,0.05178240314126015,0.05036801099777222,6.023749828338623,0.8370786309242249,1.0
133,0.033666493371129036,0.03759894147515297,0.029734045267105103,6.159997940063477,0.8258426785469055,1.0
134,0.07121253944933414,0.082908496260643,0.059516582638025284,5.158714294433594,0.8483145833015442,0.9993333220481873
135,0.046548085287213326,0.05109139159321785,0.0420047789812088,6.066885948181152,0.8370786309242249,0.9993333220481873
136,0.06120257452130318,0.07036945968866348,0.05203568935394287,6.124627113342285,0.7808988690376282,1.0
137,0.05832897312939167,0.058696795254945755,0.057961151003837585,6.632007122039795,0.8202247023582458,1.0
138,0.07415629923343658,0.08866722136735916,0.05964537709951401,4.961223125457764,0.8033707737922668,0.9986666440963745
139,0.04872749000787735,0.05700884386897087,0.04044613614678383,5.817985534667969,0.8146067261695862,0.9993333220481873
140,0.12397768720984459,0.10214879363775253,0.14580658078193665,7.032569885253906,0.8089887499809265,0.9980000257492065
141,0.03597927838563919,0.038951508700847626,0.033007048070430756,6.846360206604004,0.882022500038147,1.0
142,0.05647744797170162,0.05956431105732918,0.053390584886074066,6.7367682456970215,0.8426966071128845,1.0
143,0.02812816947698593,0.03140922263264656,0.024847116321325302,6.251700401306152,0.9213483333587646,0.9980000257492065
144,0.02841778378933668,0.02798341028392315,0.028852157294750214,6.600739479064941,0.8876404762268066,1.0
145,0.038175420835614204,0.03741418197751045,0.03893665969371796,6.660956382751465,0.8089887499809265,1.0
146,0.10015315562486649,0.09437693655490875,0.10592937469482422,6.443317890167236,0.8258426785469055,1.0
147,0.07089008577167988,0.05312936380505562,0.08865080773830414,7.473687648773193,0.8539325594902039,1.0
148,0.03670200891792774,0.038318533450365067,0.03508548438549042,6.284940719604492,0.8539325594902039,0.9993333220481873
149,0.03849733807146549,0.0464487224817276,0.030545953661203384,6.576437473297119,0.8651685118675232,0.9993333220481873
150,0.036142606288194656,0.03507275506854057,0.03721245750784874,8.738468170166016,0.8651685118675232,1.0
151,0.08917605131864548,0.0872553288936615,0.09109677374362946,5.387165069580078,0.8426966071128845,0.9993333220481873
152,0.06362828426063061,0.061528731137514114,0.0657278373837471,7.705700397491455,0.8370786309242249,1.0
153,0.0731770470738411,0.07186383008956909,0.0744902640581131,6.356753349304199,0.7977527976036072,1.0
154,0.028441407717764378,0.030982505530118942,0.025900309905409813,6.620720863342285,0.8202247023582458,1.0
155,0.02361051831394434,0.028545567765831947,0.018675468862056732,7.042367935180664,0.8651685118675232,1.0
156,0.04387856647372246,0.044854845851659775,0.04290228709578514,6.922548770904541,0.8146067261695862,1.0
157,0.039919350296258926,0.0317496657371521,0.04808903485536575,8.069314002990723,0.8483145833015442,1.0
158,0.05797910876572132,0.05736752972006798,0.058590687811374664,6.9967122077941895,0.7528089880943298,1.0
159,0.04458291456103325,0.0370187908411026,0.0521470382809639,7.96948766708374,0.8314606547355652,1.0
160,0.044820476323366165,0.04416820406913757,0.04547274857759476,7.269682884216309,0.8483145833015442,1.0
161,0.04394317790865898,0.03860967233777046,0.0492766834795475,7.158814907073975,0.7921348214149475,1.0
162,0.03480352461338043,0.04556656256318092,0.02404048666357994,6.625766277313232,0.8651685118675232,1.0
163,0.04932030476629734,0.03849373012781143,0.06014687940478325,7.543225288391113,0.8033707737922668,0.9993333220481873
164,0.03946460224688053,0.04503351449966431,0.033895689994096756,6.200364589691162,0.8033707737922668,1.0
165,0.05977175012230873,0.057475294917821884,0.06206820532679558,6.7480573654174805,0.8033707737922668,0.9993333220481873
