Epoch,Discriminator loss,Discriminator loss (Real),Discriminator loss (Fake),Generator loss,Accuracy real,Accuracy fake
0,0.024080953269731253,8.88047507032752e-05,0.04807310178875923,4.437998294830322,0.0,1.0
1,1.9093501567840576,1.3589701652526855,2.4597301483154297,0.21946105360984802,0.98828125,0.0
2,0.5408613085746765,0.47569239139556885,0.6060302257537842,1.5753523111343384,1.0,1.0
3,0.3505023121833801,0.38521188497543335,0.3157927393913269,1.9761700630187988,1.0,1.0
4,0.4038604646921158,0.42934224009513855,0.378378689289093,1.8629841804504395,1.0,0.99609375
5,0.5992181599140167,0.5634369254112244,0.6349993944168091,1.5368664264678955,1.0,0.9765625
6,0.535676896572113,0.5585196614265442,0.5128341317176819,1.9090781211853027,1.0,0.984375
7,0.509490579366684,0.5130977630615234,0.5058833956718445,1.8773311376571655,1.0,0.93359375
8,0.4134772717952728,0.41429340839385986,0.4126611351966858,1.8098340034484863,1.0,1.0
9,0.44753989577293396,0.43381160497665405,0.46126818656921387,1.8419268131256104,1.0,1.0
10,0.46612659096717834,0.43796592950820923,0.49428725242614746,1.869950771331787,1.0,0.9921875
11,0.3665529191493988,0.3697216808795929,0.3633841574192047,1.9422814846038818,0.96875,0.9921875
12,0.3358875513076782,0.3206234872341156,0.35115161538124084,2.1855874061584473,0.8203125,1.0
13,0.3762897402048111,0.3864741027355194,0.3661053776741028,2.166429281234741,0.703125,1.0
14,0.467551589012146,0.4737045168876648,0.4613986611366272,2.0979034900665283,0.578125,0.9765625
15,0.376199871301651,0.3790075480937958,0.3733921945095062,2.138960361480713,0.52734375,1.0
16,0.44736477732658386,0.47373732924461365,0.4209922254085541,1.8788800239562988,0.55078125,1.0
17,0.38435566425323486,0.3734530806541443,0.39525824785232544,2.1771798133850098,0.4453125,0.9921875
18,0.38769376277923584,0.40004199743270874,0.37534552812576294,1.9989043474197388,0.453125,0.98828125
19,0.40460726618766785,0.3639879822731018,0.4452265501022339,2.103686809539795,0.390625,0.99609375
20,0.347959503531456,0.34022068977355957,0.3556983172893524,2.1526222229003906,0.5859375,0.98828125
21,0.2949744313955307,0.2905053496360779,0.2994435131549835,2.173321485519409,0.73046875,0.98828125
22,0.3234417140483856,0.28434377908706665,0.3625396490097046,2.3422467708587646,0.7890625,0.98828125
23,0.32519060373306274,0.3658926486968994,0.2844885587692261,2.1932976245880127,0.890625,1.0
24,0.2623694986104965,0.2628936767578125,0.26184532046318054,2.512540340423584,0.8046875,0.9921875
25,0.3195568919181824,0.30253341794013977,0.336580365896225,2.1901168823242188,0.77734375,0.99609375
26,0.28988663852214813,0.33046242594718933,0.24931085109710693,2.4074389934539795,0.62890625,0.9921875
27,0.2749209851026535,0.2649511694908142,0.2848908007144928,2.783273935317993,0.55078125,1.0
28,0.2736632972955704,0.23718705773353577,0.310139536857605,3.030118465423584,0.453125,0.99609375
29,0.2668006494641304,0.23571012914180756,0.29789116978645325,2.6913113594055176,0.4453125,0.99609375
30,0.2293735295534134,0.2274617999792099,0.23128525912761688,2.58927845954895,0.3984375,1.0
31,0.3404601961374283,0.3310864567756653,0.3498339354991913,3.283228874206543,0.3359375,1.0
32,0.26827850192785263,0.2900151312351227,0.24654187262058258,2.696625232696533,0.359375,1.0
33,0.27088940143585205,0.2612379789352417,0.2805408239364624,3.335183620452881,0.453125,0.98828125
34,0.3124927580356598,0.30505603551864624,0.31992948055267334,2.91410756111145,0.3046875,1.0
35,0.1884417161345482,0.16661182045936584,0.21027161180973053,3.3546948432922363,0.328125,1.0
36,0.22204627096652985,0.2469988465309143,0.19709369540214539,3.3926970958709717,0.484375,1.0
37,0.2115618884563446,0.20370055735111237,0.21942321956157684,3.162104845046997,0.36328125,0.9921875
38,0.2034630998969078,0.1810595542192459,0.2258666455745697,3.3722665309906006,0.390625,1.0
39,0.16502036899328232,0.1524667739868164,0.17757396399974823,3.7417895793914795,0.421875,1.0
40,0.19827910512685776,0.16091865301132202,0.2356395572423935,4.023721694946289,0.4296875,1.0
41,0.28136304020881653,0.2881275713443756,0.27459850907325745,3.8771567344665527,0.44140625,0.99609375
42,0.11107639223337173,0.12978623807430267,0.0923665463924408,3.8955307006835938,0.55078125,1.0
43,0.15144847705960274,0.12469323724508286,0.17820371687412262,3.9884603023529053,0.546875,1.0
44,0.2162724807858467,0.20189185440540314,0.23065310716629028,3.636418342590332,0.515625,0.99609375
45,0.11149178445339203,0.12520164251327515,0.09778192639350891,4.153715133666992,0.578125,0.99609375
46,0.12238982319831848,0.14880996942520142,0.09596967697143555,4.353002548217773,0.609375,1.0
47,0.13071546703577042,0.130390465259552,0.13104046881198883,3.990981340408325,0.5546875,1.0
48,0.15048866719007492,0.17679092288017273,0.12418641149997711,3.5472493171691895,0.625,0.99609375
49,0.1437038630247116,0.1339837908744812,0.15342393517494202,4.4593424797058105,0.55859375,0.98828125
50,0.1101374700665474,0.11077551543712616,0.10949942469596863,4.6474456787109375,0.5703125,1.0
51,0.23135222494602203,0.17522475123405457,0.2874796986579895,4.485591888427734,0.43359375,1.0
52,0.1617359146475792,0.1622190624475479,0.16125276684761047,4.412601470947266,0.53515625,1.0
53,0.14212851226329803,0.1376994550228119,0.14655756950378418,5.528765678405762,0.5859375,1.0
54,0.07215751335024834,0.08480725437402725,0.05950777232646942,4.643074035644531,0.6953125,0.99609375
55,0.21054692566394806,0.23829182982444763,0.1828020215034485,3.9584872722625732,0.671875,0.99609375
56,0.08137113973498344,0.067498579621315,0.09524369984865189,5.364805698394775,0.609375,1.0
57,0.08538571745157242,0.09189818799495697,0.07887324690818787,4.4510931968688965,0.625,1.0
58,0.038707172498106956,0.05360996723175049,0.023804377764463425,4.918117523193359,0.62890625,1.0
59,0.1450459435582161,0.1505078822374344,0.1395840048789978,4.8006439208984375,0.63671875,1.0
60,0.08403012156486511,0.09769004583358765,0.07037019729614258,4.671902656555176,0.71484375,0.99609375
61,0.16775868833065033,0.1698552966117859,0.16566208004951477,4.237236976623535,0.6328125,0.99609375
62,0.11228298023343086,0.12350935488939285,0.10105660557746887,5.6249165534973145,0.671875,0.99609375
63,0.06954534724354744,0.10012178868055344,0.03896890580654144,4.7975335121154785,0.69140625,1.0
64,0.10466872155666351,0.0910412073135376,0.11829623579978943,5.502017974853516,0.5859375,1.0
65,0.0390279283747077,0.050319135189056396,0.027736721560359,5.0823869705200195,0.6171875,0.99609375
66,0.09516606293618679,0.12997955083847046,0.06035257503390312,6.0068359375,0.578125,1.0
67,0.06866303086280823,0.06447742879390717,0.07284863293170929,5.457376480102539,0.62109375,0.9921875
68,0.03975185565650463,0.05226237699389458,0.027241334319114685,5.7343573570251465,0.6328125,1.0
69,0.11651343107223511,0.0873786062002182,0.14564825594425201,6.204431533813477,0.37890625,1.0
70,0.028924955055117607,0.02837284468114376,0.029477065429091454,5.585996627807617,0.484375,1.0
71,0.0999382920563221,0.13791200518608093,0.06196457892656326,4.159093856811523,0.6796875,0.97265625
72,0.03915063850581646,0.040467385202646255,0.037833891808986664,5.60392427444458,0.61328125,1.0
73,0.03748730383813381,0.03637615591287613,0.038598451763391495,6.450171947479248,0.5703125,1.0
74,0.15839629620313644,0.1394624263048172,0.1773301661014557,5.63767147064209,0.51171875,0.99609375
75,0.1372206248342991,0.19418539106845856,0.08025585860013962,4.6855597496032715,0.59375,0.984375
76,0.054184094071388245,0.06821630150079727,0.04015188664197922,5.529689788818359,0.66796875,1.0
77,0.0443763118237257,0.056220002472400665,0.032532621175050735,5.581820487976074,0.609375,0.99609375
78,0.050245365127921104,0.07552731782197952,0.024963412433862686,5.222143650054932,0.50390625,1.0
79,0.0645290706306696,0.056813787668943405,0.07224435359239578,6.346392631530762,0.5546875,1.0
80,0.06958792358636856,0.06366529315710068,0.07551055401563644,5.934856414794922,0.60546875,0.99609375
81,0.023516003042459488,0.030261747539043427,0.01677025854587555,5.984396457672119,0.56640625,0.99609375
82,0.047032756730914116,0.05807328224182129,0.03599223122000694,5.1832475662231445,0.62890625,0.9921875
83,0.0371579360216856,0.023985277861356735,0.050330594182014465,7.5731916427612305,0.5546875,1.0
84,0.11132584512233734,0.0634651780128479,0.15918651223182678,7.533348083496094,0.39453125,1.0
85,0.11546117067337036,0.08970150351524353,0.1412208378314972,7.303133964538574,0.60546875,0.99609375
86,0.03920956514775753,0.03920738026499748,0.03921175003051758,6.433597087860107,0.51953125,1.0
87,0.04861285910010338,0.061476580798625946,0.03574913740158081,6.191770553588867,0.6328125,1.0
88,0.026928097940981388,0.03298705071210861,0.020869145169854164,6.2529191970825195,0.64453125,1.0
89,0.08986849710345268,0.11422567814588547,0.0655113160610199,5.380321502685547,0.51171875,0.99609375
90,0.10689257830381393,0.12833523750305176,0.08544991910457611,6.256857395172119,0.60546875,0.9921875
91,0.0557312797755003,0.04564204439520836,0.06582051515579224,6.779982566833496,0.60546875,1.0
92,0.07572014629840851,0.06787963211536407,0.08356066048145294,7.905346870422363,0.54296875,0.99609375
93,0.07688379101455212,0.13653863966464996,0.01722894236445427,6.9320855140686035,0.6015625,1.0
94,0.05101645551621914,0.0461684912443161,0.05586441978812218,6.227434158325195,0.49609375,0.99609375
95,0.0494252722710371,0.05650182068347931,0.042348723858594894,6.251831531524658,0.63671875,0.99609375
96,0.06356378085911274,0.05572271719574928,0.0714048445224762,5.950595855712891,0.546875,1.0
97,0.10000647604465485,0.07894584536552429,0.1210671067237854,7.631211757659912,0.67578125,0.99609375
98,0.060500696301460266,0.04752771556377411,0.07347367703914642,6.845101356506348,0.546875,1.0
99,0.03615840896964073,0.03888825327157974,0.03342856466770172,7.498080730438232,0.734375,0.9921875
100,0.0388808473944664,0.05930293723940849,0.018458757549524307,7.3146467208862305,0.58984375,1.0
101,0.08810295909643173,0.10445432364940643,0.07175159454345703,6.88053560256958,0.54296875,1.0
102,0.034506114199757576,0.04678943753242493,0.022222790867090225,6.294369697570801,0.59375,1.0
103,0.08646371960639954,0.09028162062168121,0.08264581859111786,6.192211151123047,0.515625,0.99609375
104,0.21261444687843323,0.26810765266418457,0.15712124109268188,5.929274082183838,0.4921875,0.99609375
105,0.06252987682819366,0.07130473852157593,0.0537550151348114,6.457365989685059,0.5546875,1.0
106,0.034169298596680164,0.04298337176442146,0.025355225428938866,8.645206451416016,0.58984375,0.9921875
107,0.05762134864926338,0.0702829584479332,0.04495973885059357,5.539626121520996,0.66796875,0.9765625
108,0.04244794324040413,0.0332307294011116,0.051665157079696655,7.341161727905273,0.58203125,1.0
109,0.041786421090364456,0.028190650045871735,0.05538219213485718,6.707185745239258,0.54296875,1.0
110,0.08966637030243874,0.11239036917686462,0.06694237142801285,5.645549774169922,0.6875,0.98046875
111,0.2898816615343094,0.2744273245334625,0.30533599853515625,5.636711597442627,0.55859375,0.9921875
112,0.0631914958357811,0.06152793765068054,0.06485505402088165,5.268681526184082,0.54296875,0.99609375
113,0.02295371564105153,0.015056316740810871,0.03085111454129219,6.707961082458496,0.5,0.9921875
114,0.030736948363482952,0.028601860627532005,0.0328720360994339,7.485020637512207,0.64453125,0.98828125
115,0.048946527764201164,0.08123445510864258,0.01665860041975975,6.120783805847168,0.625,0.9921875
116,0.06288952939212322,0.07784393429756165,0.0479351244866848,6.868729591369629,0.53125,0.99609375
117,0.07308582589030266,0.08880846202373505,0.05736318975687027,6.508355140686035,0.55078125,1.0
118,0.08697008341550827,0.13307420909404755,0.040865957736968994,6.2636213302612305,0.6015625,1.0
119,0.21343562752008438,0.23479638993740082,0.19207486510276794,3.372030258178711,0.68359375,0.95703125
120,0.05810017138719559,0.07556642591953278,0.0406339168548584,5.841028690338135,0.4375,0.99609375
121,0.05245659314095974,0.06458384543657303,0.04032934084534645,6.166018962860107,0.43359375,0.99609375
122,0.0731082446873188,0.08905000239610672,0.057166486978530884,6.49875545501709,0.44140625,0.9921875
123,0.07982054725289345,0.08856561779975891,0.07107547670602798,7.432710647583008,0.44921875,1.0
124,0.15517764538526535,0.2179695963859558,0.09238569438457489,5.993710994720459,0.4921875,0.9921875
125,0.2210516706109047,0.31597235798835754,0.12613098323345184,4.959177017211914,0.55859375,0.984375
126,0.030004152096807957,0.026041900739073753,0.03396640345454216,7.499431610107422,0.5078125,1.0
127,0.24017244577407837,0.2706209421157837,0.20972394943237305,4.698762893676758,0.47265625,0.99609375
128,0.10983195155858994,0.1310097575187683,0.08865414559841156,5.5010199546813965,0.48828125,0.98828125
129,0.012631822377443314,0.01562834531068802,0.009635299444198608,7.775824546813965,0.515625,1.0
130,0.05854998528957367,0.07000835239887238,0.04709161818027496,7.345968246459961,0.62109375,0.98046875
131,0.06560564786195755,0.06040221452713013,0.07080908119678497,8.215694427490234,0.515625,0.9921875
132,0.03568350151181221,0.035803213715553284,0.035563789308071136,7.503623008728027,0.5703125,0.99609375
133,0.04232350643724203,0.0537274032831192,0.03091960959136486,7.047821521759033,0.5546875,0.99609375
134,0.06013229116797447,0.08967041969299316,0.03059416264295578,6.829772472381592,0.4921875,0.99609375
135,0.04173761419951916,0.03648020699620247,0.046995021402835846,6.712723731994629,0.54296875,1.0
136,0.09095007181167603,0.11725950241088867,0.06464064121246338,7.548583984375,0.6015625,1.0
137,0.038506219163537025,0.051127102226018906,0.025885336101055145,5.898578643798828,0.5625,0.9921875
138,0.05553799169138074,0.09683652222156525,0.014239461161196232,6.779435157775879,0.52734375,1.0
139,0.056611454114317894,0.06242093816399574,0.050801970064640045,6.319618225097656,0.6015625,0.9921875
140,0.07908260822296143,0.10817105323076248,0.04999416321516037,5.836166858673096,0.65234375,0.9921875
141,0.04046141728758812,0.04858647659420967,0.03233635798096657,5.960667610168457,0.56640625,1.0
142,0.04509844072163105,0.043703898787498474,0.046492982655763626,7.528414726257324,0.48828125,1.0
143,0.09339845553040504,0.10181823372840881,0.08497867733240128,6.747419357299805,0.609375,0.99609375
144,0.0814284197986126,0.02898234874010086,0.13387449085712433,8.440176010131836,0.484375,1.0
145,0.12174665369093418,0.04440087452530861,0.19909243285655975,9.132664680480957,0.48046875,1.0
146,0.04282750375568867,0.04097626358270645,0.04467874392867088,6.322994232177734,0.6171875,0.9921875
147,0.043431272730231285,0.02699943631887436,0.05986310914158821,5.973535537719727,0.5625,0.99609375
148,0.1778721734881401,0.23556473851203918,0.12017960846424103,5.092071533203125,0.7109375,1.0
149,0.08538785576820374,0.0641886293888092,0.10658708214759827,6.199909210205078,0.578125,1.0
